TABLE NO.     1: Laplacian Conditional Estimation with Interaction: Problem=1 Subproblem=0 Superproblem1=0 Iteration1=0 Superproblem2=0 Iteration2=0
 NAME         THETA1       THETA2       THETA3       THETA4       THETA5       THETA6       THETA7       SIGMA(1,1)   OMEGA(1,1)   OMEGA(2,1)   OMEGA(2,2)
 THETA1        2.09539E+02  1.48318E+00  9.88895E-02  0.00000E+00 -3.34204E+01 -2.11406E+01  1.88793E+01  0.00000E+00  4.11887E+02  0.00000E+00 -9.33584E+01
 THETA2        1.48318E+00  2.86004E-01  1.09118E-02  0.00000E+00 -2.81278E+00 -5.64336E+00  1.04057E+01  0.00000E+00  7.65671E+00  0.00000E+00 -3.46124E+00
 THETA3        9.88895E-02  1.09118E-02  1.88567E-03  0.00000E+00 -3.40428E-01 -1.43115E-01  3.02569E-01  0.00000E+00  1.31880E-01  0.00000E+00  1.27370E-01
 THETA4        0.00000E+00  0.00000E+00  0.00000E+00  0.00000E+00  0.00000E+00  0.00000E+00  0.00000E+00  0.00000E+00  0.00000E+00  0.00000E+00  0.00000E+00
 THETA5       -3.34204E+01 -2.81278E+00 -3.40428E-01  0.00000E+00  3.33287E+02 -3.91131E+01 -1.79269E+02  0.00000E+00 -1.22279E+02  0.00000E+00 -1.85614E+02
 THETA6       -2.11406E+01 -5.64336E+00 -1.43115E-01  0.00000E+00 -3.91131E+01  2.17850E+02 -2.87256E+02  0.00000E+00 -6.49729E+01  0.00000E+00  2.53795E+02
 THETA7        1.88793E+01  1.04057E+01  3.02569E-01  0.00000E+00 -1.79269E+02 -2.87256E+02  1.24863E+03  0.00000E+00 -5.90046E+02  0.00000E+00 -1.39691E+02
 SIGMA(1,1)    0.00000E+00  0.00000E+00  0.00000E+00  0.00000E+00  0.00000E+00  0.00000E+00  0.00000E+00  0.00000E+00  0.00000E+00  0.00000E+00  0.00000E+00
 OMEGA(1,1)    4.11887E+02  7.65671E+00  1.31880E-01  0.00000E+00 -1.22279E+02 -6.49729E+01 -5.90046E+02  0.00000E+00  1.03975E+04  0.00000E+00  1.04327E+03
 OMEGA(2,1)    0.00000E+00  0.00000E+00  0.00000E+00  0.00000E+00  0.00000E+00  0.00000E+00  0.00000E+00  0.00000E+00  0.00000E+00  0.00000E+00  0.00000E+00
 OMEGA(2,2)   -9.33584E+01 -3.46124E+00  1.27370E-01  0.00000E+00 -1.85614E+02  2.53795E+02 -1.39691E+02  0.00000E+00  1.04327E+03  0.00000E+00  2.35118E+03
