TABLE NO.     1: Laplacian Conditional Estimation with Interaction: Problem=1 Subproblem=0 Superproblem1=0 Iteration1=0 Superproblem2=0 Iteration2=0
 NAME         THETA1       THETA2       THETA3       THETA4       THETA5       THETA6       THETA7       SIGMA(1,1)   OMEGA(1,1)   OMEGA(2,1)   OMEGA(2,2)
 THETA1        5.65186E-03 -1.77942E-02 -2.00160E-01  0.00000E+00  2.20351E-04 -6.67881E-04 -8.59139E-05  0.00000E+00 -2.55531E-04  0.00000E+00  4.06835E-04
 THETA2       -1.77942E-02  1.17628E+01 -2.57047E+01  0.00000E+00  9.21004E-02  2.85304E-01 -1.56068E-02  0.00000E+00 -5.23681E-03  0.00000E+00 -4.12712E-03
 THETA3       -2.00160E-01 -2.57047E+01  8.19592E+02  0.00000E+00  7.44728E-01  4.05527E-01  2.32849E-01  0.00000E+00  4.93191E-02  0.00000E+00 -8.32191E-02
 THETA4        0.00000E+00  0.00000E+00  0.00000E+00  0.00000E+00  0.00000E+00  0.00000E+00  0.00000E+00  0.00000E+00  0.00000E+00  0.00000E+00  0.00000E+00
 THETA5        2.20351E-04  9.21004E-02  7.44728E-01  0.00000E+00  5.91095E-03  5.60430E-03  1.22829E-03  0.00000E+00  8.82949E-05  0.00000E+00 -5.20890E-07
 THETA6       -6.67881E-04  2.85304E-01  4.05527E-01  0.00000E+00  5.60430E-03  1.76181E-02  2.38232E-03  0.00000E+00  2.27488E-04  0.00000E+00 -1.04721E-03
 THETA7       -8.59139E-05 -1.56068E-02  2.32849E-01  0.00000E+00  1.22829E-03  2.38232E-03  1.65321E-03  0.00000E+00  1.51991E-04  0.00000E+00 -1.68408E-04
 SIGMA(1,1)    0.00000E+00  0.00000E+00  0.00000E+00  0.00000E+00  0.00000E+00  0.00000E+00  0.00000E+00  0.00000E+00  0.00000E+00  0.00000E+00  0.00000E+00
 OMEGA(1,1)   -2.55531E-04 -5.23681E-03  4.93191E-02  0.00000E+00  8.82949E-05  2.27488E-04  1.51991E-04  0.00000E+00  1.29291E-04  0.00000E+00 -8.64515E-05
 OMEGA(2,1)    0.00000E+00  0.00000E+00  0.00000E+00  0.00000E+00  0.00000E+00  0.00000E+00  0.00000E+00  0.00000E+00  0.00000E+00  0.00000E+00  0.00000E+00
 OMEGA(2,2)    4.06835E-04 -4.12712E-03 -8.32191E-02  0.00000E+00 -5.20890E-07 -1.04721E-03 -1.68408E-04  0.00000E+00 -8.64515E-05  0.00000E+00  5.81258E-04
